% Intrinsic and Extrinsic Camera Parameters
%
% This script file can be directly executed under Matlab to recover the camera intrinsic and extrinsic parameters.
% IMPORTANT: This file contains neither the structure of the calibration objects nor the image coordinates of the calibration points.
%            All those complementary variables are saved in the complete matlab data file Calib_Results.mat.
% For more information regarding the calibration model visit http://www.vision.caltech.edu/bouguetj/calib_doc/


%-- Focal length:
fc = [ 2834.385199331038166 ; 2820.783822671653525 ];

%-- Principal point:
cc = [ 1631.500000000000000 ; 1223.500000000000000 ];

%-- Skew coefficient:
alpha_c = 0.000000000000000;

%-- Distortion coefficients:
kc = [ 0.079050026781280 ; -0.099764120287406 ; 0.000000000000000 ; 0.000000000000000 ; 0.000000000000000 ];

%-- Focal length uncertainty:
fc_error = [ 4.738180747636918 ; 4.730865504176119 ];

%-- Principal point uncertainty:
cc_error = [ 0.000000000000000 ; 0.000000000000000 ];

%-- Skew coefficient uncertainty:
alpha_c_error = 0.000000000000000;

%-- Distortion coefficients uncertainty:
kc_error = [ 0.005089041023548 ; 0.019187024126291 ; 0.000000000000000 ; 0.000000000000000 ; 0.000000000000000 ];

%-- Image size:
nx = 3264;
ny = 2448;


%-- Various other variables (may be ignored if you do not use the Matlab Calibration Toolbox):
%-- Those variables are used to control which intrinsic parameters should be optimized

n_ima = 25;						% Number of calibration images
est_fc = [ 1 ; 1 ];					% Estimation indicator of the two focal variables
est_aspect_ratio = 1;				% Estimation indicator of the aspect ratio fc(2)/fc(1)
center_optim = 0;					% Estimation indicator of the principal point
est_alpha = 0;						% Estimation indicator of the skew coefficient
est_dist = [ 1 ; 1 ; 0 ; 0 ; 0 ];	% Estimation indicator of the distortion coefficients


%-- Extrinsic parameters:
%-- The rotation (omc_kk) and the translation (Tc_kk) vectors for every calibration image and their uncertainties

%-- Image #1:
omc_1 = [ 1.821617e+00 ; 2.298531e+00 ; -9.051140e-01 ];
Tc_1  = [ -1.059700e+02 ; -1.031664e+02 ; 4.232903e+02 ];
omc_error_1 = [ 9.848767e-04 ; 1.046994e-03 ; 1.684812e-03 ];
Tc_error_1  = [ 8.794357e-02 ; 9.025188e-02 ; 5.998741e-01 ];

%-- Image #2:
omc_2 = [ 2.181650e+00 ; 2.185631e+00 ; -8.708949e-02 ];
Tc_2  = [ -1.147620e+02 ; -6.033617e+01 ; 3.177410e+02 ];
omc_error_2 = [ 1.526365e-03 ; 1.520428e-03 ; 3.136927e-03 ];
Tc_error_2  = [ 4.808860e-02 ; 5.083966e-02 ; 5.879784e-01 ];

%-- Image #3:
omc_3 = [ 1.820565e+00 ; 1.905685e+00 ; 3.061250e-01 ];
Tc_3  = [ -7.465554e+01 ; -7.398462e+01 ; 3.056790e+02 ];
omc_error_3 = [ 9.410069e-04 ; 1.098899e-03 ; 1.798254e-03 ];
Tc_error_3  = [ 8.122951e-02 ; 5.256295e-02 ; 5.729283e-01 ];

%-- Image #4:
omc_4 = [ 1.741502e+00 ; 1.740020e+00 ; -7.670029e-01 ];
Tc_4  = [ -1.147664e+02 ; -8.151612e+01 ; 4.506850e+02 ];
omc_error_4 = [ 8.808352e-04 ; 9.997973e-04 ; 1.422006e-03 ];
Tc_error_4  = [ 6.588995e-02 ; 1.000153e-01 ; 6.729170e-01 ];

%-- Image #5:
omc_5 = [ -2.107486e+00 ; -2.148545e+00 ; 8.155842e-01 ];
Tc_5  = [ -1.229872e+02 ; -7.643548e+01 ; 3.540282e+02 ];
omc_error_5 = [ 8.388552e-04 ; 7.908503e-04 ; 1.618801e-03 ];
Tc_error_5  = [ 7.210826e-02 ; 6.581563e-02 ; 4.968638e-01 ];

%-- Image #6:
omc_6 = [ 1.959616e+00 ; 1.931063e+00 ; 3.436231e-01 ];
Tc_6  = [ -9.032204e+01 ; -7.342382e+01 ; 2.763705e+02 ];
omc_error_6 = [ 9.880460e-04 ; 1.111359e-03 ; 1.980750e-03 ];
Tc_error_6  = [ 8.224904e-02 ; 5.222569e-02 ; 5.243647e-01 ];

%-- Image #7:
omc_7 = [ 2.031761e+00 ; 2.016552e+00 ; -2.623024e-01 ];
Tc_7  = [ -1.099802e+02 ; -8.505829e+01 ; 3.179358e+02 ];
omc_error_7 = [ 1.059453e-03 ; 1.179397e-03 ; 2.065040e-03 ];
Tc_error_7  = [ 4.107580e-02 ; 5.575746e-02 ; 5.389484e-01 ];

%-- Image #8:
omc_8 = [ 2.210854e+00 ; 2.214113e+00 ; -4.610761e-02 ];
Tc_8  = [ -1.150971e+02 ; -7.414952e+01 ; 2.967845e+02 ];
omc_error_8 = [ 1.317336e-03 ; 1.355052e-03 ; 2.809000e-03 ];
Tc_error_8  = [ 4.439960e-02 ; 4.747652e-02 ; 5.474913e-01 ];

%-- Image #9:
omc_9 = [ 2.185946e+00 ; 2.211100e+00 ; -1.453138e-02 ];
Tc_9  = [ -1.212356e+02 ; -7.042013e+01 ; 5.008135e+02 ];
omc_error_9 = [ 3.725566e-03 ; 3.894264e-03 ; 8.203567e-03 ];
Tc_error_9  = [ 8.283141e-02 ; 8.048028e-02 ; 1.070941e+00 ];

%-- Image #10:
omc_10 = [ -2.088114e+00 ; -2.043735e+00 ; -3.679820e-01 ];
Tc_10  = [ -1.073210e+02 ; -9.459778e+01 ; 3.543434e+02 ];
omc_error_10 = [ 1.891850e-03 ; 1.802360e-03 ; 3.593413e-03 ];
Tc_error_10  = [ 7.814541e-02 ; 1.119519e-01 ; 7.132353e-01 ];

%-- Image #11:
omc_11 = [ 1.954255e+00 ; 1.891935e+00 ; -5.124245e-01 ];
Tc_11  = [ -1.146624e+02 ; -6.254993e+01 ; 3.726212e+02 ];
omc_error_11 = [ 1.053246e-03 ; 1.123142e-03 ; 1.916851e-03 ];
Tc_error_11  = [ 4.686949e-02 ; 7.810351e-02 ; 5.811847e-01 ];

%-- Image #12:
omc_12 = [ 1.459905e+00 ; 2.496867e+00 ; -7.216796e-01 ];
Tc_12  = [ -6.132782e+01 ; -1.273451e+02 ; 4.075218e+02 ];
omc_error_12 = [ 9.472415e-04 ; 1.224696e-03 ; 1.902544e-03 ];
Tc_error_12  = [ 7.369870e-02 ; 9.125390e-02 ; 5.926338e-01 ];

%-- Image #13:
omc_13 = [ 1.627054e+00 ; 2.151496e+00 ; -1.737112e-02 ];
Tc_13  = [ -7.467137e+01 ; -9.222383e+01 ; 3.319562e+02 ];
omc_error_13 = [ 9.758122e-04 ; 1.365063e-03 ; 2.026577e-03 ];
Tc_error_13  = [ 6.871428e-02 ; 4.746931e-02 ; 5.769777e-01 ];

%-- Image #14:
omc_14 = [ 2.223531e+00 ; 1.563828e+00 ; 8.432971e-02 ];
Tc_14  = [ -1.305792e+02 ; -5.474345e+01 ; 3.534577e+02 ];
omc_error_14 = [ 1.391843e-03 ; 1.306887e-03 ; 2.564551e-03 ];
Tc_error_14  = [ 8.174848e-02 ; 6.803482e-02 ; 6.756317e-01 ];

%-- Image #15:
omc_15 = [ -1.854766e+00 ; -2.426852e+00 ; 4.857024e-01 ];
Tc_15  = [ -1.101023e+02 ; -1.153573e+02 ; 4.318331e+02 ];
omc_error_15 = [ 1.342461e-03 ; 1.580839e-03 ; 3.012014e-03 ];
Tc_error_15  = [ 8.679449e-02 ; 7.901904e-02 ; 6.929271e-01 ];

%-- Image #16:
omc_16 = [ 2.120190e+00 ; 2.202493e+00 ; 5.346658e-02 ];
Tc_16  = [ -1.008807e+02 ; -7.707256e+01 ; 3.116325e+02 ];
omc_error_16 = [ 1.474123e-03 ; 1.577412e-03 ; 3.170152e-03 ];
Tc_error_16  = [ 5.975102e-02 ; 5.266347e-02 ; 5.912074e-01 ];

%-- Image #17:
omc_17 = [ -2.171154e+00 ; -2.149919e+00 ; 1.504816e-01 ];
Tc_17  = [ -1.107417e+02 ; -7.405007e+01 ; 3.491242e+02 ];
omc_error_17 = [ 1.574341e-03 ; 1.620122e-03 ; 3.424634e-03 ];
Tc_error_17  = [ 4.654304e-02 ; 5.422702e-02 ; 6.284889e-01 ];

%-- Image #18:
omc_18 = [ 2.103637e+00 ; 2.147716e+00 ; -2.214893e-01 ];
Tc_18  = [ -1.211056e+02 ; -8.056298e+01 ; 3.267391e+02 ];
omc_error_18 = [ 1.291748e-03 ; 1.422011e-03 ; 2.685937e-03 ];
Tc_error_18  = [ 4.281619e-02 ; 5.353170e-02 ; 5.750893e-01 ];

%-- Image #19:
omc_19 = [ 2.393241e+00 ; 1.427815e+00 ; 9.728440e-02 ];
Tc_19  = [ -1.302605e+02 ; -4.818782e+01 ; 5.047054e+02 ];
omc_error_19 = [ 2.362597e-03 ; 1.865906e-03 ; 4.285984e-03 ];
Tc_error_19  = [ 1.150307e-01 ; 9.989884e-02 ; 1.082322e+00 ];

%-- Image #20:
omc_20 = [ 2.315188e+00 ; 1.482330e+00 ; -8.446209e-02 ];
Tc_20  = [ -2.822387e+02 ; -1.620358e+02 ; 5.970643e+02 ];
omc_error_20 = [ 1.723676e-03 ; 2.214558e-03 ; 3.540949e-03 ];
Tc_error_20  = [ 1.596171e-01 ; 1.880168e-01 ; 1.224918e+00 ];

%-- Image #21:
omc_21 = [ 1.536113e+00 ; 2.511041e+00 ; -3.729881e-01 ];
Tc_21  = [ 1.004678e+02 ; -2.377191e+02 ; 6.609956e+02 ];
omc_error_21 = [ 1.796840e-03 ; 2.377886e-03 ; 3.779402e-03 ];
Tc_error_21  = [ 1.982604e-01 ; 1.640010e-01 ; 1.191278e+00 ];

%-- Image #22:
omc_22 = [ 1.645776e+00 ; 2.236350e+00 ; -6.960259e-01 ];
Tc_22  = [ 6.399083e+01 ; 2.840556e+00 ; 6.503833e+02 ];
omc_error_22 = [ 2.414083e-03 ; 2.320993e-03 ; 4.329015e-03 ];
Tc_error_22  = [ 1.739813e-01 ; 1.726344e-01 ; 1.053085e+00 ];

%-- Image #23:
omc_23 = [ 1.699539e+00 ; 1.800639e+00 ; -2.372710e-01 ];
Tc_23  = [ -2.342855e+02 ; 3.365737e+01 ; 5.899021e+02 ];
omc_error_23 = [ 2.120082e-03 ; 2.573872e-03 ; 4.079962e-03 ];
Tc_error_23  = [ 1.542160e-01 ; 1.820770e-01 ; 1.108282e+00 ];

%-- Image #24:
